1.5606372e-13
1.7985537e-11
3.5826238e-13
2.625662e-06
4.786551e-17
4.5252534e-16
1.3946143e-13
1.4975451e-16
1.1539794e-09
9.519184e-2
6.079381e-2
2.9724133e-3
1.8535903e-19
2.7480188e-10
1.553538e-18
1.4814847e-20
3.2768184e-14
1.1525817e-2
9.0965735e-3
9.612082e-2
1.1188754e-3
1.9306147e-12
2.6907304e-19
1.7456518e-13
3.3811192e-18
1.5753083e-18
7.139464e-07
2.5450556e-19
2.4835546e-15
1.0330869e-14
2.44009e-18
1.104279e-13
2.7946117e-2
7.1361586e-3
3.59042e-18
7.617523e-18
9.514119e-06
1.23978705e-14
1.8505381e-19
2.1337819e-16
5.758876e-18
3.3027932e-12
1.9211033e-17
3.164728e-19
4.2087267e-12
1.8316757e-17
2.3987163e-14
3.487463e-18
1.3356833e-17
3.8237074e-12
2.5109398e-17
5.359921e-19
2.1016615e-17
9.598634e-20
4.4028548e-13
8.230099e-18
3.196732e-10
4.7721527e-15
2.7817407e-19
1.8273366e-15
7.597143e-20
6.885354e-17
1.4010248e-15
1.1744007e-17
2.3100426e-13
1.5563473e-21
4.204128e-20
2.2781339e-15
1.3495828e-18
4.8935714e-20
1.7883814e-21
1.096692e-19
5.2095003e-19
7.696605e-22
7.3422065e-18
3.646357e-21
3.5655055e-21
1.9965194e-13
3.3865873e-21
5.5018307e-17
1.3104758e-21
7.730861e-21
3.3199912e-16
4.0237433e-21
2.5622236e-16
3.6362864e-21
3.2983805e-23
1.5521003e-16
6.2935873e-22
1.400777e-14
2.1165505e-20
1.28346194e-23
1.5655632e-12
7.748981e-23
9.758615e-19
8.32044e-19
4.3456738e-23
1.462656e-09
6.3251165e-22
1.2662202e-19
1.3683912e-17
1.7448482e-22
6.05557e-17
1.111758e-21
2.5331792e-20
6.548525e-19
2.9924713e-23
1.4378188e-14
3.498442e-18
2.1155152e-22
7.338986e-18
3.518051e-24
2.1075565e-15
1.4672673e-19
4.4067222e-23
2.3339497e-09
1.3935083e-24
8.0882625e-19
1.0434105e-17
6.395422e-24
7.547611e-18
1.092819e-22
3.9925674e-21
2.3955662e-14
2.1494434e-23
1.3308618e-13
1.9977482e-22
3.041826e-21
1.5758571e-12
3.743248e-23
8.018281e-19
3.7751173e-20
2.052433e-20
2.3476654e-09
4.180128e-26
1.9670792e-19
3.799322e-17
3.557269e-23
3.700426e-13
6.6018333e-24
1.2551706e-16
1.715371e-18
9.802129e-24
7.1996267e-12
2.8319385e-24
7.6970124e-23
1.2778911e-14
1.082747e-24
1.8010567e-18
9.9195985e-25
3.4355855e-24
1.4733771e-13
2.2381998e-22
3.4906856e-17
2.1823963e-20
2.2330159e-21
4.306462e-06
3.8525972e-22
8.289764e-21
3.7857456e-20
1.7707628e-24
4.5204754e-08
2.9984376e-22
8.626804e-20
2.174275e-15
3.2154629e-25
